2 2 unsuited 0 762300 840456 249458 25816 41562 181104 17848 212 4
2 3 suited 372405 899640 466449 91443 99573 137306 47124 2668 2148 4
2 3 unsuited 402930 947520 477370 93236 106134 41518 47124 2668 256 4
2 4 suited 367830 896784 466449 91443 107004 137262 47124 2668 2192 4
2 4 unsuited 397980 944512 477370 93236 114092 41474 47124 2668 300 4
2 5 suited 363255 893928 466449 91443 114435 137218 47124 2668 2236 4
2 5 unsuited 393030 941504 477370 93236 122050 41430 47124 2668 344 4
2 6 suited 377895 911064 469092 92004 79455 138209 47124 2668 1245 4
2 6 unsuited 408870 959552 480080 93808 84880 41431 47124 2668 343 4
2 7 suited 387045 925344 471735 92565 52821 139155 47124 2668 299 4
2 7 unsuited 418770 974592 482790 94380 56658 41431 47124 2668 343 4
2 8 suited 382470 922488 471735 92565 60252 139111 47124 2668 343 4
2 8 unsuited 413820 971584 482790 94380 64616 41431 47124 2668 343 4
2 9 suited 382470 922488 471735 92565 60252 139111 47124 2668 343 4
2 9 unsuited 413820 971584 482790 94380 64616 41431 47124 2668 343 4
2 10 suited 381555 922488 471735 92565 61167 139110 47124 2668 299 49
2 10 unsuited 412830 971584 482790 94380 65606 41430 47124 2668 299 49
2 11 suited 386130 925344 471735 92565 53736 139154 47124 2668 255 49
2 11 unsuited 417780 974592 482790 94380 57648 41474 47124 2668 255 49
2 12 suited 390705 928200 471735 92565 46305 139198 47124 2668 211 49
2 12 unsuited 422730 977600 482790 94380 49690 41518 47124 2668 211 49
2 13 suited 395280 931056 471735 92565 38874 139242 47124 2668 167 49
2 13 unsuited 427680 980608 482790 94380 41732 41562 47124 2668 167 49
2 14 suited 386130 916776 469092 92004 65508 138296 47124 2668 1113 49
2 14 unsuited 417780 965568 480080 93808 69954 41562 47124 2668 167 49
3 3 unsuited 0 756360 838944 248952 33774 41474 181104 17848 300 4
3 4 suited 354105 879648 463806 90882 141069 136272 47124 2668 3182 4
3 4 unsuited 383130 926464 474660 92664 150272 41430 47124 2668 344 4
3 5 suited 349530 876792 463806 90882 148500 136228 47124 2668 3226 4
3 5 unsuited 378180 923456 474660 92664 158230 41386 47124 2668 388 4
3 6 suited 364170 893928 466449 91443 113520 137219 47124 2668 2235 4
3 6 unsuited 394020 941504 477370 93236 121060 41387 47124 2668 387 4
3 7 suited 373320 908208 469092 92004 86886 138165 47124 2668 1289 4
3 7 unsuited 403920 956544 480080 93808 92838 41387 47124 2668 387 4
3 8 suited 382470 922488 471735 92565 60252 139111 47124 2668 343 4
3 8 unsuited 413820 971584 482790 94380 64616 41387 47124 2668 387 4
3 9 suited 377895 919632 471735 92565 67683 139067 47124 2668 387 4
3 9 unsuited 408870 968576 482790 94380 72574 41387 47124 2668 387 4
3 10 suited 376980 919632 471735 92565 68598 139066 47124 2668 343 49
3 10 unsuited 407880 968576 482790 94380 73564 41386 47124 2668 343 49
3 11 suited 381555 922488 471735 92565 61167 139110 47124 2668 299 49
3 11 unsuited 412830 971584 482790 94380 65606 41430 47124 2668 299 49
3 12 suited 386130 925344 471735 92565 53736 139154 47124 2668 255 49
3 12 unsuited 417780 974592 482790 94380 57648 41474 47124 2668 255 49
3 13 suited 390705 928200 471735 92565 46305 139198 47124 2668 211 49
3 13 unsuited 422730 977600 482790 94380 49690 41518 47124 2668 211 49
3 14 suited 381555 913920 469092 92004 72939 138252 47124 2668 1157 49
3 14 unsuited 412830 962560 480080 93808 77912 41518 47124 2668 211 49
4 4 unsuited 0 750420 837432 248446 41732 41386 181104 17848 388 4
4 5 suited 335805 859656 461163 90321 182565 135238 47124 2668 4216 4
4 5 unsuited 363330 905408 471950 92092 194410 41342 47124 2668 432 4
4 6 suited 350445 876792 463806 90882 147585 136229 47124 2668 3225 4
4 6 unsuited 379170 923456 474660 92664 157240 41343 47124 2668 431 4
4 7 suited 359595 891072 466449 91443 120951 137175 47124 2668 2279 4
4 7 unsuited 389070 938496 477370 93236 129018 41343 47124 2668 431 4
4 8 suited 368745 905352 469092 92004 94317 138121 47124 2668 1333 4
4 8 unsuited 398970 953536 480080 93808 100796 41343 47124 2668 431 4
4 9 suited 377895 919632 471735 92565 67683 139067 47124 2668 387 4
4 9 unsuited 408870 968576 482790 94380 72574 41343 47124 2668 431 4
4 10 suited 372405 916776 471735 92565 76029 139022 47124 2668 387 49
4 10 unsuited 402930 965568 482790 94380 81522 41342 47124 2668 387 49
4 11 suited 376980 919632 471735 92565 68598 139066 47124 2668 343 49
4 11 unsuited 407880 968576 482790 94380 73564 41386 47124 2668 343 49
4 12 suited 381555 922488 471735 92565 61167 139110 47124 2668 299 49
4 12 unsuited 412830 971584 482790 94380 65606 41430 47124 2668 299 49
4 13 suited 386130 925344 471735 92565 53736 139154 47124 2668 255 49
4 13 unsuited 417780 974592 482790 94380 57648 41474 47124 2668 255 49
4 14 suited 376980 911064 469092 92004 80370 138208 47124 2668 1201 49
4 14 unsuited 407880 959552 480080 93808 85870 41474 47124 2668 255 49
5 5 unsuited 0 744480 835920 247940 49690 41298 181104 17848 476 4
5 6 suited 336720 859656 461163 90321 181650 135239 47124 2668 4215 4
5 6 unsuited 364320 905408 471950 92092 193420 41299 47124 2668 475 4
5 7 suited 345870 873936 463806 90882 155016 136185 47124 2668 3269 4
5 7 unsuited 374220 920448 474660 92664 165198 41299 47124 2668 475 4
5 8 suited 355020 888216 466449 91443 128382 137131 47124 2668 2323 4
5 8 unsuited 384120 935488 477370 93236 136976 41299 47124 2668 475 4
5 9 suited 364170 902496 469092 92004 101748 138077 47124 2668 1377 4
5 9 unsuited 394020 950528 480080 93808 108754 41299 47124 2668 475 4
5 10 suited 372405 916776 471735 92565 76029 139022 47124 2668 387 49
5 10 unsuited 402930 965568 482790 94380 81522 41298 47124 2668 431 49
5 11 suited 372405 916776 471735 92565 76029 139022 47124 2668 387 49
5 11 unsuited 402930 965568 482790 94380 81522 41342 47124 2668 387 49
5 12 suited 376980 919632 471735 92565 68598 139066 47124 2668 343 49
5 12 unsuited 407880 968576 482790 94380 73564 41386 47124 2668 343 49
5 13 suited 381555 922488 471735 92565 61167 139110 47124 2668 299 49
5 13 unsuited 412830 971584 482790 94380 65606 41430 47124 2668 299 49
5 14 suited 372405 908208 469092 92004 87801 138164 47124 2668 1245 49
5 14 unsuited 402930 956544 480080 93808 93828 41430 47124 2668 299 49
6 6 unsuited 0 745470 835920 247940 48700 41300 181104 17848 474 4
6 7 suited 337635 859656 461163 90321 180735 135240 47124 2668 4214 4
6 7 unsuited 365310 905408 471950 92092 192430 41300 47124 2668 474 4
6 8 suited 346785 873936 463806 90882 154101 136186 47124 2668 3268 4
6 8 unsuited 375210 920448 474660 92664 164208 41300 47124 2668 474 4
6 9 suited 355935 888216 466449 91443 127467 137132 47124 2668 2322 4
6 9 unsuited 385110 935488 477370 93236 135986 41300 47124 2668 474 4
6 10 suited 364170 902496 469092 92004 101748 138077 47124 2668 1332 49
6 10 unsuited 394020 950528 480080 93808 108754 41299 47124 2668 430 49
6 11 suited 377895 919632 471735 92565 67683 139067 47124 2668 342 49
6 11 unsuited 408870 968576 482790 94380 72574 41343 47124 2668 386 49
6 12 suited 377895 919632 471735 92565 67683 139067 47124 2668 342 49
6 12 unsuited 408870 968576 482790 94380 72574 41387 47124 2668 342 49
6 13 suited 382470 922488 471735 92565 60252 139111 47124 2668 298 49
6 13 unsuited 413820 971584 482790 94380 64616 41431 47124 2668 298 49
6 14 suited 387045 925344 471735 92565 52821 139155 47124 2668 254 49
6 14 unsuited 418770 974592 482790 94380 56658 41431 47124 2668 298 49
7 7 unsuited 0 745470 835920 247940 48700 41300 181104 17848 474 4
7 8 suited 337635 859656 461163 90321 180735 135240 47124 2668 4214 4
7 8 unsuited 365310 905408 471950 92092 192430 41300 47124 2668 474 4
7 9 suited 346785 873936 463806 90882 154101 136186 47124 2668 3268 4
7 9 unsuited 375210 920448 474660 92664 164208 41300 47124 2668 474 4
7 10 suited 355020 888216 466449 91443 128382 137131 47124 2668 2278 49
7 10 unsuited 384120 935488 477370 93236 136976 41299 47124 2668 430 49
7 11 suited 368745 905352 469092 92004 94317 138121 47124 2668 1288 49
7 11 unsuited 398970 953536 480080 93808 100796 41343 47124 2668 386 49
7 12 suited 382470 922488 471735 92565 60252 139111 47124 2668 298 49
7 12 unsuited 413820 971584 482790 94380 64616 41387 47124 2668 342 49
7 13 suited 382470 922488 471735 92565 60252 139111 47124 2668 298 49
7 13 unsuited 413820 971584 482790 94380 64616 41431 47124 2668 298 49
7 14 suited 382470 922488 471735 92565 60252 139111 47124 2668 298 49
7 14 unsuited 413820 971584 482790 94380 64616 41431 47124 2668 298 49
8 8 unsuited 0 745470 835920 247940 48700 41300 181104 17848 474 4
8 9 suited 337635 859656 461163 90321 180735 135240 47124 2668 4214 4
8 9 unsuited 365310 905408 471950 92092 192430 41300 47124 2668 474 4
8 10 suited 345870 873936 463806 90882 155016 136185 47124 2668 3224 49
8 10 unsuited 374220 920448 474660 92664 165198 41299 47124 2668 430 49
8 11 suited 359595 891072 466449 91443 120951 137175 47124 2668 2234 49
8 11 unsuited 389070 938496 477370 93236 129018 41343 47124 2668 386 49
8 12 suited 373320 908208 469092 92004 86886 138165 47124 2668 1244 49
8 12 unsuited 403920 956544 480080 93808 92838 41387 47124 2668 342 49
8 13 suited 387045 925344 471735 92565 52821 139155 47124 2668 254 49
8 13 unsuited 418770 974592 482790 94380 56658 41431 47124 2668 298 49
8 14 suited 382470 922488 471735 92565 60252 139111 47124 2668 298 49
8 14 unsuited 413820 971584 482790 94380 64616 41431 47124 2668 298 49
9 9 unsuited 0 745470 835920 247940 48700 41300 181104 17848 474 4
9 10 suited 336720 859656 461163 90321 181650 135239 47124 2668 4170 49
9 10 unsuited 364320 905408 471950 92092 193420 41299 47124 2668 430 49
9 11 suited 350445 876792 463806 90882 147585 136229 47124 2668 3180 49
9 11 unsuited 379170 923456 474660 92664 157240 41343 47124 2668 386 49
9 12 suited 364170 893928 466449 91443 113520 137219 47124 2668 2190 49
9 12 unsuited 394020 941504 477370 93236 121060 41387 47124 2668 342 49
9 13 suited 377895 911064 469092 92004 79455 138209 47124 2668 1200 49
9 13 unsuited 408870 959552 480080 93808 84880 41431 47124 2668 298 49
9 14 suited 387045 925344 471735 92565 52821 139155 47124 2668 254 49
9 14 unsuited 418770 974592 482790 94380 56658 41431 47124 2668 298 49
10 10 unsuited 0 744480 835920 247940 49690 41298 181104 17848 386 94
10 11 suited 335805 859656 461163 90321 182565 135238 47124 2668 3136 1084
10 11 unsuited 363330 905408 471950 92092 194410 41342 47124 2668 342 94
10 12 suited 349530 876792 463806 90882 148500 136228 47124 2668 2146 1084
10 12 unsuited 378180 923456 474660 92664 158230 41386 47124 2668 298 94
10 13 suited 363255 893928 466449 91443 114435 137218 47124 2668 1156 1084
10 13 unsuited 393030 941504 477370 93236 122050 41430 47124 2668 254 94
10 14 suited 372405 908208 469092 92004 87801 138164 47124 2668 210 1084
10 14 unsuited 402930 956544 480080 93808 93828 41430 47124 2668 254 94
11 11 unsuited 0 750420 837432 248446 41732 41386 181104 17848 298 94
11 12 suited 354105 879648 463806 90882 141069 136272 47124 2668 2102 1084
11 12 unsuited 383130 926464 474660 92664 150272 41430 47124 2668 254 94
11 13 suited 367830 896784 466449 91443 107004 137262 47124 2668 1112 1084
11 13 unsuited 397980 944512 477370 93236 114092 41474 47124 2668 210 94
11 14 suited 376980 911064 469092 92004 80370 138208 47124 2668 166 1084
11 14 unsuited 407880 959552 480080 93808 85870 41474 47124 2668 210 94
12 12 unsuited 0 756360 838944 248952 33774 41474 181104 17848 210 94
12 13 suited 372405 899640 466449 91443 99573 137306 47124 2668 1068 1084
12 13 unsuited 402930 947520 477370 93236 106134 41518 47124 2668 166 94
12 14 suited 381555 913920 469092 92004 72939 138252 47124 2668 122 1084
12 14 unsuited 412830 962560 480080 93808 77912 41518 47124 2668 166 94
13 13 unsuited 0 762300 840456 249458 25816 41562 181104 17848 122 94
13 14 suited 386130 916776 469092 92004 65508 138296 47124 2668 78 1084
13 14 unsuited 417780 965568 480080 93808 69954 41562 47124 2668 122 94
14 14 unsuited 0 762300 840456 249458 25816 41562 181104 17848 122 94
